0
111100000001111
110000000000011
100011111100011
100111111111001
000111111111001
000111111111000
000111111111000
000111111111000
000111111111000
000111111111000
100111111111001
100111111111001
100011111110001
110000000000011
111100000001111

1
111111111110000
111111111000000
111111100000000
110000000100000
000001111100000
111111111100000
111111111100000
111111111100000
111111111100000
111111111100000
111111111100000
111111111100000
111111111100000
111111111100000
111111111100000

2
111100000001111
110000000000011
110001111110001
100111111111000
111111111111000
111111111111001
111111111110001
111111111100011
111111110000111
111111000011111
111100001111111
111000111111111
110001111111111
100000000000000
000000000000000

3
111100000001111
110000000000011
100011111100011
100111111110001
111111111110001
111111111100011
111111000001111
111111000000011
111111111110001
111111111111000
110111111111000
000111111111000
100011111110001
110000000000011
111100000001111

4
111111111100111
111111110000111
111111110000111
111111100100111
111111001100111
111100011100111
111000111100111
111001111100111
110011111100111
000111111100111
000000000000000
111111111100111
111111111100111
111111111100111
111111111100111

5
111000000000001
110000000000001
110011111111111
110011111111111
100011111111111
100110000001111
100000000000011
100011111110001
111111111111001
111111111111000
111111111111001
000111111111001
100011111110001
110000000000011
111100000001111

6
111100000001111
110000000000011
110001111110001
100011111111001
000111111111111
000111100111111
001100000000011
000000111100001
000111111111000
000111111111000
000111111111000
100111111111000
100011111111001
110000000000011
111100000001111

7
000000000000000
000000000000000
111111111110001
111111111100011
111111111000111
111111110001111
111111100011111
111111000111111
111111001111111
111110001111111
111100011111111
111100011111111
111100011111111
111100111111111
111000111111111

8
111100000001111
110000000000011
100011111110001
100111111111001
100011111111001
110001111100011
111100000001111
110000000000011
100011111111001
000111111111000
000111111111100
000111111111000
100111111111001
110000000000011
111100000001111

9
111100000001111
110000000000011
100011111110001
000111111111001
000111111111000
000111111111000
100111111111000
100011111110000
110000000001100
111111001111000
111111111111000
100111111111001
100011111110001
110000000000011
111100000011111

+
111111000111111
111111000111111
111111000111111
111111000111111
111111000111111
111111000111111
000000000000000
000000000000000
000000000000000
111111000111111
111111000111111
111111000111111
111111000111111
111111000111111
111111000111111

-
000000000000000
000000000000000
000000000000000
000000000000000
000000000000000
000000000000000
000000000000000
000000000000000
000000000000000
000000000000000
000000000000000
000000000000000
000000000000000
000000000000000
000000000000000

*
111111000111111
111111000111111
111111000111111
111111000111111
100111000111001
100000000000001
000000000000000
110000000000011
111111000111111
111110000001111
111100010001111
111000111000111
110000111000011
111001111100111
111111111101111

/
111111111110000
111111111100001
111111111100011
111111111000111
111111110000111
111111110001111
111111100011111
111111000111111
111111001111111
111110001111111
111100001111111
111000011111111
110000111111111
110001111111111
100011111111111

^
111111000111111
111111000111111
111111000111111
111110000011111
111100010001111
111100111001111
111100111001111
111000111000111
111001111100011
111001111100011
110011111110011
100011111110001
100011111110001
100011111111001
000111111111000

=
000000000000000
000000000000000
000000000000000
000000000000000
111111111111111
111111111111111
111111111111111
111111111111111
111111111111111
111111111111111
111111111111111
000000000000000
000000000000000
000000000000000
000000000000000

>
011111111111111
000011111111111
100000011111111
111000000111111
111111000000111
111111100000011
111111111100000
111111111111000
111111111100000
111111100000011
111111000000111
111000000111111
100000011111111
000011111111111
011111111111111

<
111111111111110
111111111110000
111111110000001
111111000000111
111000000111111
110000001111111
000001111111111
000111111111111
000001111111111
110000001111111
111000000111111
111111000000111
111111110000001
111111111110000
111111111111110

&
111100000111111
111000000011111
110011111001111
110011111001111
111001110011111
111000000111111
111000001111111
110000001111111
100111000111001
000111100010011
001111111000011
000111111000111
000111111000001
100000000011000
111000001111101

|
000000000000000
000000000000000
000000000000000
000000000000000
000000000000000
000000000000000
000000000000000
000000000000000
000000000000000
000000000000000
000000000000000
000000000000000
000000000000000
000000000000000
000000000000000

.
000000000000000
000000000000000
000000000000000
000000000000000
000000000000000
000000000000000
000000000000000
000000000000000
000000000000000
000000000000000
000000000000000
000000000000000
000000000000000
000000000000000
000000000000000

(
111111111100000
111111110000111
111110000111111
111000001111111
100000011111111
100000111111111
000000111111111
000000111111111
000000111111111
100000111111111
110000011111111
111000001111111
111110000111111
111111100000111
111111111100000

)
100001111111111
111000001111111
111111000011111
111111100000111
111111110000001
111111111000000
111111111100000
111111111100000
111111111100000
111111111000000
111111110000001
111111100000111
111111000011111
111000001111111
100001111111111

{
111111110000000
111111100001111
111111000111111
111111000111111
111111000111111
111111000111111
111100001111111
000001111111111
111100001111111
111110000111111
111111000111111
111111000111111
111111000111111
111111000001111
111111110000000

}
000000011111111
111100001111111
111111000111111
111111000111111
111111000111111
111111000111111
111111100001111
111111111100000
111111100001111
111111000111111
111111000111111
111111000111111
111111000111111
111100001111111
000000011111111

[
000000000000000
000000011111111
000000011111111
000000011111111
000000011111111
000000011111111
000000011111111
000000011111111
000000011111111
000000011111111
000000011111111
000000011111111
000000011111111
000000011111111
000000000000000

]
000000000000000
111111111100000
111111111100000
111111111100000
111111111100000
111111111100000
111111111100000
111111111100000
111111111100000
111111111100000
111111111100000
111111111100000
111111111100000
111111111100000
000000000000000

