'
111111110011111
110000001111111
110000001111111
110001111111111
110001111111111
000001111111111
001111111111111
001111111111111
001111111111111
000000000000011
000000000000011
000000000000000
110000000000000
110000000000000
111110000000011

,
110000000011111
000000000000011
000000000000011
000000000000000
000000000000000
110000001100000
111111111111100
111111111111100
111111111111100
111111111100000
111111111100000
111111111100011
111111110000011
111111110000011
111110001111111

.
111100000001111
111100000001111
111100000001111
111100000001111
000000000000000
000000000000000
000000000000000
000000000000000
000000000000000
000000000000000
000000000000000
111100000001111
111100000001111
111100000001111
111100000001111

,
110000000011111
000000000000011
000000000000011
000000000000000
000000000000000
110000001100000
111111111111100
111111111111100
111111111111100
111111111100000
111111111100000
111111111100011
111111110011111
111111110011111
110000001111111

