A
111111001111111
111111000111111
111110010111111
111110010011111
111100110011111
111100111001111
111100111001111
111001111100111
111001111100111
110000000000011
110011111110011
100011111110011
100111111111001
000111111111001
001111111111100

B
000000000001111
000000000000011
001111111110001
001111111111001
001111111111001
001111111110001
000000000000011
000000000000111
001111111110001
001111111111100
001111111111100
001111111111100
001111111110001
000000000000001
000000000000111

C
111110000001111
111000000000011
110011111110001
100111111111001
000111111111111
001111111111111
001111111111111
001111111111111
001111111111111
001111111111111
100111111111100
100111111111001
110011111110001
111000000000011
111100000001111

D
000000000001111
000000000000111
001111111100011
001111111111001
001111111111001
001111111111001
001111111111100
001111111111100
001111111111100
001111111111001
001111111111001
001111111111001
001111111100011
000000000000111
000000000001111

E
000000000000001
000000000000001
001111111111111
001111111111111
001111111111111
001111111111111
000000000000001
000000000000001
001111111111111
001111111111111
001111111111111
001111111111111
001111111111111
000000000000000
000000000000000

F
000000000000000
000000000000000
000111111111111
000111111111111
000111111111111
000111111111111
000000000000011
000000000000011
000111111111111
000111111111111
000111111111111
000111111111111
000111111111111
000111111111111
000111111111111

G
111110000001111
111000000000011
100011111111001
100111111111100
001111111111111
001111111111111
001111111111111
001111110000000
001111110000000
001111111111100
001111111111100
100111111111100
100011111111100
111000000000001
111110000000111

H
001111111111000
001111111111100
001111111111100
001111111111100
001111111111100
001111111111100
000000000000000
000000000000000
001111111111000
001111111111100
001111111111100
001111111111100
001111111111100
001111111111000
001111111111000

I
000000000000000
000000000000000
000000000000000
000000000000000
000000000000000
000000000000000
000000000000000
000000000000000
000000000000000
000000000000000
000000000000000
000000000000000
000000000000000
000000000000000
000000000000000

J
111111111111000
111111111111000
111111111111000
111111111111000
111111111111000
111111111111000
111111111111000
111111111111000
111111111111000
111111111111000
110111111111000
100011111111000
100011111110000
110000000000011
111000000000111

K
001111111110001
001111111100011
001111111000111
001111100011111
001111000111111
001110001111111
001000011111111
000000001111111
000011000111111
001111100001111
001111110001111
001111111000111
001111111100011
001111111110001
001111111111000

L
000111111111111
000111111111111
000111111111111
000111111111111
000111111111111
000111111111111
000111111111111
000111111111111
000111111111111
000111111111111
000111111111111
000111111111111
000111111111111
000000000000000
000000000000000

M
000111111111000
000011111111000
000011111110000
001011111110100
001001111110100
001001111100100
001101111101100
001100111001100
001100111001100
001110011011100
001110010011100
001110010011100
001111000111100
001111000111100
001111101111100

N
000111111111101
000111111111100
000011111111101
001000111111101
001000111111101
001100011111101
001111001111101
001111000111101
001111100111101
001111110001100
001111110001100
001111111000101
001111111110001
001111111110001
001111111111001

O
111100000011111
111000000000111
100011111110011
100111111111001
001111111111100
001111111111100
001111111111100
001111111111100
001111111111100
001111111111100
001111111111100
100111111111001
100011111110011
111000000000111
111100000011111

P
000000000000111
000000000000011
001111111111001
001111111111000
001111111111000
001111111111000
001111111110001
000000000000011
000000000000111
001111111111111
001111111111111
001111111111111
001111111111111
001111111111111
001111111111111

Q
111110000011111
111000000000111
110011111110011
100111111111001
000111111111000
001111111111100
001111111111100
001111111111100
001111111111100
001111111111100
100111111111001
100011110010001
110001111100011
111100000000001
111111000111100

R
000000000000111
000000000000011
001111111110011
001111111111001
001111111111001
001111111110001
000000000000011
000000000001111
001111100111111
001111111001111
001111111000111
001111111100111
001111111110011
001111111110001
001111111111000

S
111000000001111
110000000000011
100111111111001
100111111111001
100111111111111
100011111111111
110000000011111
111110000000011
111111111000001
111111111111000
001111111111100
001111111111100
100111111111001
110000000000011
111000000000111

T
000000000000000
000000000000000
111111100111111
111111100111111
111111100111111
111111100111111
111111100111111
111111100111111
111111100111111
111111100111111
111111100111111
111111100111111
111111100111111
111111100111111
111111100111111

U
001111111111100
001111111111000
001111111111100
001111111111100
001111111111100
001111111111100
001111111111100
001111111111100
001111111111100
001111111111001
001111111111001
100111111111001
100111111110001
110000000000011
111000000001111

V
001111111111100
001111111111001
000111111111001
100111111110011
100011111110011
110011111110011
110001111100111
111001111100111
111001111001111
111100111011111
111100110011111
111100110011111
111110000111111
111110000111111
111111001111111

W
011111100111110
001111000111110
001111010111100
101111010111101
101111010111101
101111010011101
100110111011101
100110111011001
110110111011011
110110111011011
110110111001011
110101111101011
110001111100111
111001111100111
111001111100111

X
100111111111001
100011111110011
110001111100011
111000111001111
111100110001111
111110010011111
111111000111111
111111000111111
111110000111111
111100110001111
111000111001111
111001111000111
100011111100011
100111111110001
001111111111001

Y
001111111111001
100111111110001
100011111110011
110001111100111
111001111001111
111100111001111
111110010011111
111110000111111
111111001111111
111111001111111
111111001111111
111111001111111
111111001111111
111111001111111
111111001111111

Z
100000000000001
100000000000001
111111111110001
111111111100011
111111111000111
111111110001111
111111100111111
111111000111111
111110001111111
111100011111111
111000111111111
110011111111111
100111111111111
000000000000000
000000000000000

a
111111000011111
111000000000011
100001111100001
100111111111001
111111111111001
111111111111001
111111110000001
110000000000001
100001111111001
000111111111001
000111111111001
000111111110001
100011111000001
100000000001000
111100001111000

b
000111111111111
000111111111111
000111111111111
000111000111111
000100000000111
000000111100001
000011111111000
000111111111000
000111111111100
000111111111100
000111111111000
000111111111000
000011111110001
000100000000011
000110000001111

c
111111000011111
111000000000011
100000111100001
100011111110000
100011111111011
100111111111111
000111111111111
000111111111111
000111111111111
100111111111111
100011111111000
100011111110000
100000111100001
111000000000011
111111000011111

d
111111111111000
111111111111000
111111111111000
111111000111000
111000000001000
100000111100000
100011111110000
000111111111000
000111111111100
000111111111100
000111111111100
100111111111000
100011111110000
110000000000000
111100000001000

e
111111000011111
111000000000111
110001111100001
100011111111001
100111111111000
000111111111000
000000000000000
000000000000000
000111111111111
000111111111111
100111111111011
100011111111000
100001111100001
111000000000011
111111000011111

f
111110000000000
111100000000001
111000001111111
111000001111111
000000000000011
000000000000011
111000001111111
111000001111111
111000001111111
111000001111111
111000001111111
111000001111111
111000001111111
111000001111111
111000001111111

g
111100000001100
110000000000100
100011111110000
000111111111000
000111111111100
001111111111100
000111111111000
000111111111000
100011111110000
110000000000000
111100000001100
111111111111000
100011111110000
100000000000001
111000000001111

h
000111111111111
000111111111111
000111111111111
000111110001111
000110000000001
000000111110001
000011111111000
000111111111000
000111111111000
000111111111000
000111111111000
000111111111000
000111111111000
000111111111000
000111111111000

i
000000000000000
000000000000000
000000000000000
000000000000000
000000000000000
000000000000000
000000000000000
000000000000000
000000000000000
000000000000000
000000000000000
000000000000000
000000000000000
000000000000000
000000000000000

j
111111110000000
111111110000000
111111110000000
111111110000000
111111110000000
111111110000000
111111110000000
111111110000000
111111110000000
111111110000000
111111110000000
111111110000000
111111110000000
110000000000011
000000000000111

k
000111111111111
000111111111111
000111111111111
000111111111111
000111111100001
000111110000111
000111000011111
000110001111111
000000001111111
000001100011111
000111110001111
000111110001111
000111111100011
000111111110001
000111111110001

l
000000000000000
000000000000000
000000000000000
000000000000000
000000000000000
000000000000000
000000000000000
000000000000000
000000000000000
000000000000000
000000000000000
000000000000000
000000000000000
000000000000000
000000000000000

m
111100111110111
001000001000001
000011000011000
000111100111100
001111101111100
001111101111100
001111101111100
001111101111100
001111101111100
001111101111100
001111101111100
001111101111100
001111101111100
001111101111100
001111101111100

n
111111110001111
000110000000001
000000111110001
000011111111000
000011111111000
000111111111000
000111111111000
000111111111000
000111111111000
000111111111000
000111111111000
000111111111000
000111111111000
000111111111000
000111111111000

o
111111000111111
111000000000111
100001111000011
100011111110001
000111111111001
000111111111001
000111111111000
000111111111000
000111111111000
000111111111001
000111111111001
100011111110001
100001111000011
111000000000111
111111000111111

p
000110000001111
000000000000011
000011111110001
000111111111001
000111111111001
000111111111000
000111111111001
000111111111001
000111111110001
000000000000111
000110000001111
000111111111111
000111111111111
000111111111111
000111111111111

q
111100000011100
110000000000100
100011111110000
100111111111000
000111111111100
000111111111100
000111111111000
100111111111000
100011111110000
110000000000000
111100000001000
111111111111000
111111111111000
111111111111000
111111111111000

r
111111111000011
000001000000000
000000001111101
000000111111111
000000111111111
000001111111111
000001111111111
000001111111111
000001111111111
000001111111111
000001111111111
000001111111111
000001111111111
000001111111111
000001111111111

s
111110000111111
100000000000011
100001111100001
000111111110001
000011111111111
100001111111111
100000000111111
111000000000011
111111110000001
111111111110000
110111111111000
000111111111000
100001111110001
110000000000011
111110000011111

t
111110000011111
111100000011111
111100000011111
111100000011111
000000000000000
111100000011111
111100000011111
111100000011111
111100000011111
111100000011111
111100000011111
111100000011111
111100000011111
111100000000000
111111100000000

u
000111111111000
000111111111000
000111111111000
000111111111000
000111111111000
000111111111000
000111111111000
000111111111000
000111111111000
000111111111000
000111111111000
000011111110000
100001111100000
100000000001100
111110001111100

v
000111111111000
100111111111001
100111111111001
100011111110001
100011111110001
110001111100011
111001111100111
111001111100111
111000111000111
111100111001111
111100010001111
111110010011111
111110000011111
111110000011111
111111000111111

w
001111101111110
001111101111100
101111100111100
100111000111101
100111000111001
100111010111001
110111010011011
110010010011011
110010011010011
111010111010011
111010111000111
111010111000111
111000111000111
111101111101111
111101111101111

x
100111111111001
100011111110001
110001111100011
111000111000111
111000010000111
111110000011111
111110000011111
111111000111111
111110000011111
111100010001111
111000111000111
111001111100111
110001111100011
100011111110001
000111111111000

y
100111111111000
100111111111001
100011111111001
110001111100011
111001111100011
111000111100111
111100111000111
111100010001111
111110000011111
111110000011111
111111000111111
111111000111111
111110001111111
100000011111111
100000111111111

z
100000000000001
100000000000001
111111111110001
111111111100111
111111111000111
111111110001111
111111000011111
111111000111111
111110001111111
111000011111111
110001111111111
110001111111111
100011111111111
000000000000000
000000000000000

